190 239
196 239
198 226
187 242
192 242
194 243
198 245
198 245
198 245
198 245
198 243
196 244
199 244
188 235
191 235
193 234
193 234
193 234
193 234
193 234
193 234
198 243
196 244
199 244
188 235
191 235
193 234
193 234
193 234
193 234
193 234
193 234
198 243
171 235
195 260
236 258
233 218
233 217
233 217
233 217
233 217
233 217
171 235
195 260
236 258
233 218
233 217
233 217
233 217
233 217
233 217
171 235
195 260
236 258
233 218
233 217
233 217
233 217
233 217
233 217
190 239
198 226
192 242
194 243
198 245
190 239
182 240
207 260
221 250
226 251
227 252
227 252
227 252
227 252
227 252
203 236
204 236
207 238
207 238
200 239
184 235
188 242
183 271
185 270
187 269
187 269
187 269
187 269
187 269
187 269
202 231
200 233
198 235
202 235
202 234
202 233
199 238
199 238
199 238
202 231
169 273
168 279
167 298
167 298
202 231
189 243
187 243
186 242
194 243
201 242
183 243
183 242
194 242
190 239
182 240
207 260
221 250
226 251
227 252
227 252
227 252
227 252
227 252
195 232
192 234
182 240
186 235
206 226
200 234
206 232
196 227
194 227
201 251
191 219
190 218
200 238
196 237
196 234
196 237
190 239
182 240
195 226
247 266
247 270
247 271
247 271
247 271
247 271
247 271
247 271
247 271
247 271
247 271
247 271
247 271
247 271
247 271
191 274
191 274
210 224
210 224
210 224
210 224
212 223
212 223
212 223
212 223
212 223
212 223
212 223
212 223
212 223
212 223
212 223
212 223
212 223
214 223
213 223
213 223
213 223
203 222
197 223
195 222
204 221
203 221
197 223
197 223
203 221
197 230
186 232
189 252
198 253
194 255
194 258
199 236
201 228
208 256
206 260
204 260
201 244
195 245
200 212
201 210
203 210
198 214
206 219
202 254
202 249
202 249
202 249