214 315
214 314
213 314
213 315
214 315
214 315
214 315
214 315
214 315
202 317
202 316
202 315
202 316
218 320
216 316
215 317
218 317
222 317
229 317
230 321
232 319
227 318
223 318
0 0
0 0
0 0
0 0
0 0
0 0
190 315
150 293
130 307
135 301
244 236
0 0
0 0
206 301
212 302
217 292
200 305
200 305
206 301
210 264
125 211
228 172
218 159
152 12
219 289
209 313
253 313
266 281
0 0
0 0
0 0
0 0
239 239
242 252
244 308
162 284
107 258
125 259
273 230
271 314
0 0
230 262
133 327
0 0
0 0
0 0
0 0
228 273
199 348
197 348
186 321
203 325
0 0
0 0
0 0
0 0
0 0
0 0
161 284
167 259
170 255
146 271
268 212
267 345
268 357
316 222
315 326
314 370
248 265
0 0
0 0
212 256
187 325
172 324
144 298
128 267
193 287
350 281
374 281
372 281
184 276
213 274
266 300
332 337
331 336
330 336
284 304
269 303
242 307
185 311
119 320
0 0
226 279
196 303
192 336
179 292
236 251
237 251
133 250
189 183
269 204
268 242
0 0
0 0
0 0
0 0
0 0
0 0
0 0
0 0
0 0
0 0
0 0
0 0
0 0
0 0
0 0
0 0
0 0
0 0
0 0
0 0
0 0
0 0
0 0
0 0
0 0
196 325
238 312
237 311
238 311
239 312
238 312
237 311
238 310
239 312
179 292
0 0
0 0
250 325
0 0
0 0
0 0
233 349
195 327
169 313
205 300
185 275
205 211
177 343
205 339
0 0
0 0
0 0
156 257
117 307
0 0
0 0
224 346
158 220
122 311
174 362
207 321
208 320
209 319
208 320
0 0
0 0
0 0
0 0
0 0
0 0
0 0
0 0
0 0
0 0
0 0
0 0
253 313
254 212
0 0
0 0
0 0
0 0
0 0
0 0
0 0
0 0
0 0
0 0
0 0
0 0
0 0
0 0
0 0
0 0
0 0
0 0
0 0