207 248
167 246
191 236
254 226
189 279
165 280
160 279
160 279
160 279
160 279
176 270
168 265
296 253
162 245
130 241
130 241
130 241
130 241
130 241
130 241
130 241
176 270
168 265
296 253
162 245
130 241
130 241
130 241
130 241
130 241
130 241
130 241
173 270
142 242
159 227
197 280
300 199
291 178
291 178
291 177
291 177
291 177
142 242
159 227
197 280
300 199
291 178
291 178
291 177
291 177
291 177
142 242
159 227
197 280
300 199
291 178
291 178
291 177
291 177
291 177
207 248
191 236
189 279
165 280
160 279
207 248
205 249
229 279
325 266
324 266
325 266
325 266
325 266
325 266
325 266
204 282
204 282
204 282
204 283
204 283
207 236
251 234
257 266
258 265
258 264
258 264
258 264
258 264
258 264
258 264
217 243
217 244
217 245
217 244
217 243
217 242
186 217
186 217
186 217
216 253
148 286
190 299
196 338
196 338
216 253
241 252
243 251
243 251
242 252
241 251
243 251
243 251
242 251
207 248
205 249
229 279
325 266
324 266
325 266
325 266
325 266
325 266
325 266
225 220
224 222
205 249
140 257
204 199
244 269
199 254
150 245
150 247
214 285
151 218
156 215
241 191
241 276
241 276
241 276
207 248
205 249
191 236
0 0
0 0
218 289
218 289
218 289
218 289
218 289
218 289
218 289
218 289
218 289
218 289
218 289
218 289
218 289
171 321
171 321
211 262
211 262
211 262
211 262
213 262
213 262
213 262
213 262
213 262
213 262
213 262
213 262
213 262
213 262
213 262
213 262
213 262
205 273
204 273
204 272
204 273
205 273
203 272
206 272
210 272
221 274
241 278
217 275
212 273
151 242
165 243
248 219
173 290
146 277
123 275
199 166
193 170
233 219
279 310
0 0
151 280
148 278
219 172
204 146
204 144
120 213
121 212
280 208
280 281
280 325
280 325