0 0
0 0
0 0
0 0
0 0
0 0
0 0
0 0
0 0
0 0
0 0
0 0
0 0
0 0
0 0
0 0
0 0
0 0
0 0
0 0
0 0
0 0
0 0
0 0
0 0
0 0
0 0
0 0
0 0
0 0
0 0
0 0
0 0
160 231
146 228
122 272
228 312
220 243
225 235
216 259
220 259
228 312
232 261
248 313
246 251
242 302
0 0
226 178
230 262
187 286
161 261
247 237
268 234
246 232
201 238
0 0
0 0
0 0
0 0
0 0
0 0
0 0
0 0
272 352
209 313
240 336
162 302
279 268
278 269
248 263
272 338
274 338
276 338
0 0
0 0
201 257
168 229
161 221
277 226
278 203
278 198
0 0
0 0
0 0
0 0
0 0
0 0
0 0
0 0
0 0
0 0
198 286
165 257
161 256
260 309
261 308
262 307
195 278
259 293
0 0
0 0
349 293
347 293
202 295
194 263
247 289
313 330
312 329
311 329
277 281
276 286
262 283
243 289
226 309
131 281
269 324
269 327
269 326
0 0
0 0
0 0
0 0
0 0
0 0
0 0
203 318
204 319
204 319
204 318
201 317
201 313
200 314
204 319
204 319
204 320
204 320
201 316
201 313
200 314
195 310
201 320
215 264
225 280
272 374
210 346
211 317
196 294
196 294
196 294
196 294
219 284
181 255
180 254
181 254
182 255
181 255
180 254
181 253
182 255
269 290
215 240
192 244
270 262
122 264
123 250
156 170
0 0
216 276
0 0
0 0
0 0
0 0
0 0
0 0
194 278
200 272
200 281
0 0
341 310
174 294
223 254
194 229
0 0
0 0
0 0
237 330
237 320
238 319
237 320
0 0
0 0
0 0
0 0
0 0
0 0
0 0
0 0
0 0
0 0
0 0
211 305
187 286
169 205
157 203
144 229
0 0
0 0
0 0
0 0
0 0
0 0
0 0
0 0
0 0
0 0
0 0
0 0
0 0
0 0
0 0
0 0
0 0